0 0
1 0
2 0
3 0
4 0
5 2
6 4
7 0
8 4
9 145
10 0
11 0
12 0
13 58
14 0
15 0
16 2298
17 0
18 0
19 0
20 0
21 0
22 11
23 0
24 370
25 0
26 0
27 0
28 0
29 0
30 0
31 0
32 2910
33 0
34 0
35 0
36 7
37 0
38 0
39 0
40 4
41 388
42 39942
43 0
44 0
45 0
46 0
47 0
48 55
49 0
50 0
51 0
52 0
53 0
54 0
55 0
56 13
57 0
58 0
59 0
60 0
61 0
62 0
63 0
64 0
65 0
66 0
67 0
68 0
69 7
70 7
71 0
72 364
73 29
74 0
75 0
76 233
77 0
78 0
79 0
80 0
81 0
82 0
83 0
84 0
85 0
86 4
87 0
88 90
89 0
90 0
91 0
92 0
93 0
94 0
95 0
96 2907
97 0
98 0
99 0
100 0
101 29
102 5
103 0
104 362
105 244
106 16
107 0
108 94
109 0
110 0
111 0
112 0
113 0
114 0
115 0
116 0
117 0
118 70
119 0
120 1
121 196
122 0
123 0
124 0
125 0
126 0
127 0
128 0
129 0
130 0
131 0
132 90
133 3743
134 78
135 0
136 2045
137 0
138 40126
139 0
140 4
141 2816
142 10
143 0
144 264
145 124004
146 0
147 0
148 64
149 67
150 0
151 0
152 178
153 812
154 3
155 0
156 0
157 59
158 0
159 0
160 104
161 0
162 127
163 0
164 204
165 3689
166 192
167 0
168 190
169 42261
170 40067
171 0
172 2
173 15632
174 82
175 0
176 268
177 40180
178 0
179 0
180 28
181 88
182 0
183 0
184 0
185 37
186 0
187 0
188 0
189 147
190 0
191 0
192 17
193 0
194 0
195 0
196 9
197 422
198 13
199 0
200 40460
201 551
202 448
203 0
204 0
205 0
206 0
207 0
208 134518
209 79873
210 0
211 0
212 0
213 0
214 0
215 0
216 1
217 0
218 0
219 0
220 0
221 33
222 0
223 0
224 63
225 0
226 0
227 0
228 8
229 8
230 243
231 0
232 131
233 8
234 0
235 0
236 0
237 0
238 0
239 0
240 3724
241 0
242 0
243 0
244 0
245 0
246 0
247 0
248 0
249 0
250 0
251 0
252 0
253 0
254 0
255 0
